18504 5
32928 3
22680 4
2184 3
39000 2
34824 3
41088 4
5268 5
34944 3
1092 3
40968 4
42084 2
17412 3
21588 4
10272 4
24720 3
18456 4
2136 3
4128 5
20640 5
36960 1
34968 5
40992 3
4176 3
0 0
20496 4
34920 4
10248 3
25632 4
6228 4
2052 5
5136 3
26724 4
18564 5
17472 3
21648 4
37968 5
33792 5
1152 5
34884 2
39060 4
9312 2
43044 4
9240 1
16992 2
2400 2
42372 5
9384 5
33864 5
36 5
17544 2
38040 2
42024 5
25704 2
18840 3
20832 5
35160 3
37152 4
39240 4
22920 5
8592 5
2328 2
33828 5
4248 4
72 5
36888 2
1188 4
26196 3
600 4
16920 2
42516 5
1044 3
16536 3
39072 4
5220 4
26640 5
42132 3
4104 4
36936 5
20616 5
24 6
38052 3
9504 3
10596 3
34392 4
37476 3
17952 4
19044 3
26712 3
20544 3
22632 3
38952 4
16464 4
32784 4
22056 5
9816 3
16980 4
1620 5
25176 3
1104 4
2196 5
38016 3
21504 5
38916 3
22596 4
25728 3
26628 5
1056 4
2148 3
9360 4
6180 3
9768 4
22104 3
17928 3
8772 3
16896 6
21072 5
37392 3
8736 3
33408 3
23184 5
19008 3
17064 5
8520 4
42276 5
33192 5
39312 5
35136 3
9636 4
21780 5
25956 5
24840 5
5460 3
1284 3
18816 4
4488 3
43344 5
6432 3
17748 4
6528 4
37224 3
39168 3
20628 5
16452 3
32772 5
36948 5
37248 4
6504 3
336 4
34344 6
18024 3
9624 3
21144 3
16968 4
288 5
43368 3
39336 3
33168 4
10536 5
24960 5
18696 3
22872 4
24864 4
4368 3
16392 5
20568 5
8232 3
17508 5
32904 3
18528 4
22608 5
16488 3
38928 4
32808 4
18432 5
41988 3
25668 5
43584 6
41640 3
25104 3
43524 6
27204 5
26112 3
4356 4
25944 4
276 4
42120 4
4116 4
36996 4
16404 4
22656 5
5124 4
2064 4
17568 5
33888 5
34980 4
8724 5
21156 4
17760 4
18852 4
21840 5
38160 4
17664 5
18756 4
35076 4
39252 4
22932 5
6420 4
18708 5
38208 5
39300 4
5376 5
6468 4
4452 4
516 4
4692 4
6804 6
42528 4
2628 5
1536 5
5712 5
43620 4
33360 5
39528 4
5760 5
39492 4
23124 4
18948 4
21000 4
22116 4
23136 4
37512 4
35460 4
10788 4
9888 5
39444 4
41472 5
2568 4
6744 4
8832 4
8808 4
10752 5
34404 5
33288 4
37464 5
8196 4
648 4
26244 4
8328 4
9348 4
8352 4
17496 4
20580 4
660 5
5736 4
26880 6
24936 4
41256 5
20820 4
9480 4
16644 4
34152 4
26184 4
5784 4
41604 4
1608 5
38424 4
22152 4
4644 5
38472 5
1560 4
576 4
4752 5
41568 5
25248 4
42660 5
41544 5
25224 4
1668 5
35472 5
17940 5
41496 5
38532 5
8856 4
672 4
23064 5
25152 4
384 4
33024 5
37200 4
38292 5
34116 4
42336 4
26016 4
2436 5
5520 5
1344 4
43428 4
43272 4
2472 4
22824 4
16656 4
9732 4
27264 5
612 4
42600 4
25092 4
4260 5
33816 5
36900 4
1176 4
8292 4
17448 5
32868 4
43152 4
25620 4
6240 4
4632 4
35424 5
19104 5
1572 4
24612 4
33060 4
21060 4
37380 4
4740 4
42648 4
35496 4
10824 4
4680 4
38436 5
43416 4
4416 4
25680 4
42000 4
1296 4
9288 5
33960 4
32916 4
20484 4
9600 4
43332 4
528 5
6696 5
21120 4
324 4
4500 5
41316 4
42072 5
4164 4
34896 5
20520 5
37956 4
8280 4
6168 5
8256 4
4224 4
43080 4
26760 4
144 5
6312 4
8208 5
22536 4
32856 4
35328 5
9828 5
39504 5
33384 5
2688 4
8712 4
10368 4
34848 4
2712 5
4704 5
35352 4
41616 4
34308 4
22164 4
17988 5
38484 5
18960 4
10512 4
9876 4
39456 5
9864 4
17028 5
38232 4
34056 5
39552 4
5700 5
10848 4
6672 4
552 4
37440 4
33096 5
16776 5
37272 5
34212 6
10560 4
8616 4
43140 5
42048 4
43392 5
9540 4
2448 5
8472 5
5508 4
21828 4
38148 5
18768 5
35088 4
26004 5
42324 4
16800 5
33120 4
10884 5
9792 4
38976 4
37032 5
39264 5
5412 4
22944 5
2340 4
16788 6
33108 5
21864 5
38184 4
43284 4
6276 5
5184 4
10632 4
16704 4
20880 4
10392 4
1428 5
41304 4
41280 5
39192 5
2376 4
6552 5
6408 4
1380 5
264 4
4440 4
25860 4
34440 4
23172 5
22080 4
43536 6
27216 4
16416 4
24744 4
26688 4
2208 4
17556 4
33876 4
24648 5
25764 4
10644 4
33348 5
37524 4
34320 5
18000 5
35412 6
19092 4
17736 5
21912 4
8484 5
42312 5
25992 4
35400 5
19080 4
39576 5
10920 4
27048 4
26904 4
17796 4
10656 5
8580 4
9492 5
21924 5
20808 4
41112 4
18576 5
24600 4
408 4
18048 4
26784 5
43104 5
9252 5
6288 4
168 5
2112 5
1680 4
37188 4
43560 5
27240 4
34200 5
37284 4
26280 4
8340 5
37896 4
20760 4
17424 4
8544 4
37128 4
38244 4
34176 4
18720 4
37920 4
19032 5
21024 4
2088 4
6144 5
4200 4
2304 6
360 4
6480 5
1128 4
24660 4
21576 4
33312 4
25128 5
2592 4
42564 5
21540 4
10500 4
43656 4
43176 4
10836 5
9744 4
17040 4
23208 5
25608 4
38568 4
22176 4
38496 5
39588 5
42576 4
6756 5
33936 5
1320 5
132 5
41124 5
41508 5
21012 5
8868 5
34836 5
18468 5
35232 5
22692 6
10260 5
25236 5
41556 5
35220 5
22788 5
4512 5
27300 5
26916 5
17832 6
37140 5
10776 5
4608 5
2580 5
6660 5
26964 5
22884 5
41352 5
26976 5
23112 5
37536 5
1632 5
35364 5
27156 5
23040 6
37416 5
21096 5
42504 5
5208 5
41028 5
1032 5
16740 5
24900 5
41220 5
10308 5
4776 5
6720 5
5640 5
41376 5
26952 5
24984 5
38280 5
37008 5
32832 5
39048 5
35208 5
39432 5
8784 5
8448 5
38304 5
27144 5
20772 5
25896 5
5472 5
39204 5
35172 5
18792 5
35112 5
16932 5
6216 5
26772 6
43092 5
37992 5
24672 5
43668 5
5664 5
16548 5
40980 5
18516 5
21768 6
8532 5
2664 5
33924 5
6792 5
9576 5
10584 5
21528 5
25872 5
17688 5
18600 5
10896 5
1416 5
27288 5
10344 5
5280 5
9552 5
41364 6
1368 5
20736 5
16512 5
43008 5
41064 5
22548 5
10404 5
1704 5
41040 5
33300 6
26136 5
18072 5
5256 5
37908 5
34464 5
43296 5
27168 5
18984 5
43032 5
22032 5
43680 5
33444 5
42624 5
24912 5
41232 5
43608 5
5448 5
34068 5
20904 5
22848 5
21636 5
20868 5
17700 5
10320 5
84 5
24708 5
33432 5
38544 5
34368 5
4392 5
21888 6
2388 5
42384 5
6564 5
42264 5
22560 5
9300 5
25920 5
18084 5
1440 6
27012 5
42408 5
420 5
5544 5
25188 5
33156 5
17808 5
16728 5
33048 5
24576 5
21672 5
26208 5
26256 5
5160 5
5400 5
34452 6
22020 5
34080 5
42144 5
26664 5
21600 5
16680 6
22800 5
26148 5
5652 5
2724 6
9216 6
96 6
36864 6
25752 6
23076 6
39012 6
5796 6
42240 6
24996 6
2640 6
38400 6
6816 6
34128 6
21792 6
27024 6
24852 6
