5414640 4
13343064 5
16034032 3
13291208 1
16434824 0
3098088 2
11167352 2
15776656 4
6015576 5
3078544 4
11317040 3
16041872 1
6987232 5
8033592 4
5033840 3
14537824 4
15636880 5
4647384 3
9169608 2
3321304 4
6728120 4
10442376 1
3386096 4
10959312 4
16300200 5
2969512 6
13000400 3
5557496 2
9791432 4
13866328 5
13212640 5
9770936 6
7435120 4
6219360 5
12941096 2
12198648 6
9036664 4
8830640 5
13524616 5
15360744 4
16074632 6
14055048 1
13680464 5
7397264 3
4109728 4
9117416 4
13421520 2
8038856 4
13285832 5
16095408 5
5164488 1
9402960 5
14135968 4
4611544 4
5304152 3
11742920 2
8878800 4
4053168 4
6743520 4
5463640 4
15418984 1
4085144 4
13158264 3
6747440 3
4635960 4
5152224 6
14002296 5
8308104 1
11607288 5
3366608 4
15157912 4
3111584 4
7429240 3
10435152 4
8333920 6
16099440 6
10016720 2
9164400 2
13870696 2
6077344 5
3921568 4
6710760 3
9239440 4
8340136 2
9431632 6
15326304 6
12413128 3
16135560 2
5759712 5
6749456 4
11631704 6
10441368 5
6154344 4
9941680 5
15510432 4
11789960 1
5716424 4
12219088 5
13541024 5
10833816 3
4667768 5
15026032 1
7558600 2
5611424 6
3123624 3
5237064 2
3832528 3
7741104 4
16392936 5
8738744 2
7851144 3
13454952 2
9780848 4
10080952 4
11062744 3
5233760 4
15083432 4
15415400 5
15423688 2
4151056 4
3274152 5
5454792 6
16129176 4
5201672 2
13694800 2
8961904 5
3652880 4
4012848 5
13301344 2
9104984 4
8893864 4
5568752 4
10155600 5
6767992 2
4013408 5
15132824 5
11212600 5
8760696 4
11173064 2
5731936 4
15031520 4
8025416 2
7557816 4
7652848 2
15161496 5
11789400 6
13940192 6
3321752 4
2803640 3
8115296 5
5761112 5
10278296 4
8278928 4
8268680 4
6809768 4
5143432 2
9348080 5
6167448 5
14502488 6
8747760 4
7857416 2
10024168 5
3134768 3
8906072 5
15418088 6
8215648 4
15060136 4
10266480 2
6003424 5
5307288 5
13871704 6
12379920 2
7072352 4
5664456 2
10907288 3
5362616 4
13965280 5
10196312 4
13545056 4
13442912 6
15836072 4
10955224 5
10840032 2
2816240 6
3798312 4
16193296 5
10987312 4
12941656 5
13946520 2
15832432 5
11252528 5
7698824 4
4086936 6
15121568 5
10089800 5
8279152 3
10040184 5
14034552 4
12963664 2
3550960 6
3518368 5
5611312 4
5814760 5
4708592 3
8181040 5
7660856 6
6210456 5
8111208 2
14500584 5
7580776 5
2813720 4
8040200 3
11640496 5
13719160 4
10051272 2
16081632 6
10042984 5
5033336 5
12460952 6
11479160 4
6638576 5
5564664 4
8048208 4
12522776 5
13456352 5
10333064 5
2968504 4
11498760 5
5928552 2
7007840 6
6187608 4
16050328 5
12130104 4
15088304 6
3227560 5
5661432 5
14473424 3
11367328 5
13713224 5
9426312 2
9035208 2
4089064 4
8826104 5
16095632 4
3386264 5
6737080 4
8857576 3
9122680 5
11662728 2
7744968 2
8034768 5
15772400 5
11615688 2
7437640 4
7509488 6
15934184 6
16205392 5
3373776 5
3074512 5
6015688 4
4673256 2
7594664 6
6147176 2
13956880 5
16340744 5
12436368 3
11607960 4
10141264 5
4701480 5
8780688 5
14037688 4
15551368 4
5620664 5
5434968 5
12530952 3
15022896 5
4705624 2
12111568 2
10316488 6
8299312 4
8179024 2
5174064 5
8004472 4
16335592 3
5754056 5
10393488 2
6868344 6
13284152 5
15381408 5
2780120 4
12461960 3
16397136 5
4650800 5
10909584 2
16082528 4
11737040 3
5478256 2
5610808 5
9809352 4
15684368 5
15062432 4
4700976 5
3397520 2
7687624 5
5291384 5
9901304 4
3569552 5
13020952 4
10315368 2
14535248 5
3325840 5
11660880 4
2815792 6
8266664 4
8211056 2
10204264 5
10212552 5
7646688 6
5037368 5
2783088 2
6975304 4
3493616 2
6696816 4
12986232 3
13977208 3
13677944 6
16325344 5
4646712 4
11415432 4
8116360 3
6148912 4
2776816 4
12460784 5
12428192 6
11355120 2
5133296 4
15088528 4
15523088 3
7593040 4
6954864 6
11258968 5
15618960 4
11771088 4
8282960 4
4616024 5
5299672 4
9090032 6
13027280 3
5291496 4
3043152 3
9925832 5
15773016 5
9264752 4
3565520 3
2849504 4
7590576 3
11630192 3
15647632 4
9032632 6
13027000 5
6211184 3
16131696 3
2973488 6
9770992 3
13538784 5
11577272 3
11736760 5
10892728 4
5945800 5
15255408 6
11063192 4
10441928 6
5662664 5
10433640 4
5642168 3
13740664 4
15680616 6
8977752 3
12163256 5
15906184 5
3758328 3
15383816 4
8877736 5
5217576 4
13456184 3
12205704 3
4012960 6
6175344 6
5885768 4
6975080 3
5303032 4
9938824 3
4041128 5
5961928 3
16300368 6
14133448 3
14535304 3
9239888 5
13753992 3
6206368 4
10343088 4
9149672 4
15034152 5
4139352 6
6643504 4
7591304 6
10907344 4
11336864 5
7068936 4
16308376 3
10282216 5
4024160 6
15554672 3
13522040 4
15414056 4
15063440 3
11429320 3
5298160 4
12438664 4
13357792 4
11476640 5
5721688 5
10139080 3
10304840 5
14592088 5
3750264 7
4017496 6
12961144 4
7807968 4
9117528 6
14009800 3
8116304 6
4150496 4
10016216 5
5436312 5
7918904 3
7685048 3
15100624 4
10330992 6
11116336 5
6804896 3
7018984 4
6780200 4
9270184 3
10137288 5
11355064 5
4090576 5
12140296 5
11136776 3
15776936 5
3921176 6
10271912 4
13975304 3
15030064 6
5824224 3
6871480 4
10034920 5
13162968 4
5365360 3
7654864 6
11073944 5
15604624 6
11777136 4
12527816 6
7384440 3
11625208 4
6186824 4
5044592 5
3656912 6
13284320 5
4611992 3
16389968 3
10398920 3
7072520 4
8906576 3
15322440 4
8038520 5
7580552 3
11480840 6
4147024 3
4020632 5
5370792 6
4089512 4
11073776 4
9772952 4
3139920 6
9764048 3
16341192 7
7928592 3
13253576 3
11336080 3
16340576 3
12929784 3
5760608 3
12527200 3
13942544 5
3918544 4
3493112 6
2817304 4
12925304 5
3786104 5
11435144 5
4652256 3
2747192 5
3111248 5
10089296 4
4700584 4
9231544 3
8057504 3
13235040 5
15088976 3
13277656 4
12293792 5
7006664 4
6200600 4
14506072 5
3077536 3
5135816 6
12121872 6
3565016 5
5822264 4
12530336 5
15034600 3
11577328 4
16295720 3
3532984 6
9401168 6
15931216 4
16063768 5
2877224 3
6134128 5
7031752 3
7765072 3
6231848 3
5152056 5
4636128 5
3243240 3
7960680 3
16300816 4
5041960 6
14021728 4
5620720 6
5665520 3
16422560 6
14461160 4
11599000 3
16075976 3
11369568 3
2968952 4
5422200 5
5470024 4
7036680 5
13543544 4
5610976 5
6147400 5
3124128 6
3778936 4
10878224 3
5947144 4
6879656 5
15084440 4
5487720 5
5496008 3
2849000 4
7402920 3
15905680 4
7828576 3
8891624 3
9351048 4
11003104 4
11237464 4
6976424 3
8773296 3
10089128 6
4122384 6
15329888 4
15680840 3
10347344 5
12974864 4
8100176 4
3823288 3
13459208 6
10413648 5
13874504 3
9140040 5
9092216 4
6643000 5
10347848 3
10024616 4
16071944 5
10876208 4
12379360 6
13808312 5
15321992 3
9809800 5
15785168 6
10304392 3
4084976 5
8198512 5
8268904 4
7010416 4
11638256 5
2849560 5
9149336 4
10009272 5
6011656 4
5307120 3
5896800 3
4684568 3
15385496 4
8961400 5
7404880 6
12412512 6
13616232 5
16370256 3
9825872 4
13728456 3
6245064 3
7738864 5
7036512 4
5463752 5
5455464 3
16394952 3
16430176 3
7529592 3
13676264 4
10283672 3
13529936 3
11789512 6
15026928 6
12371352 6
9267832 3
6077792 5
12974752 4
3364088 5
11149040 3
13604136 4
13213536 5
7758520 3
8776656 3
8283464 5
8972152 5
3397296 5
10196648 3
13563144 3
5651912 5
4673368 6
13006056 3
16373000 3
11414648 4
9116632 5
15801688 3
5452776 5
15382640 5
8840440 4
3266032 3
8219232 4
4619160 4
15669416 4
5208168 4
3319736 5
7652792 5
8185184 3
12144216 5
7535752 4
10864056 5
9823688 4
13236552 3
11579120 5
9803192 4
12392352 5
3489584 6
12153624 5
8333640 3
2981160 4
13039824 4
9378768 5
4042024 4
13686456 4
6089440 5
7011424 5
8211784 5
16333128 3
15064336 5
10010280 5
6088936 3
15160600 4
5630072 3
13156192 4
3067064 6
7404208 4
14128912 3
3655568 6
9124808 6
15161104 3
11116000 5
7033824 6
2837464 5
5348840 4
11775176 5
11335072 4
10347176 4
15374240 5
3864336 3
6248536 4
5437320 3
8846544 5
2743776 6
9157512 6
15097040 5
15788752 3
14034888 6
4073328 4
7662032 3
9395792 3
9236304 3
8000888 5
8295728 4
5461624 3
3854032 5
10135160 3
3753960 4
6716080 3
8869336 3
5299448 6
14496552 4
16114448 4
4041520 5
4614904 3
15557416 5
8976296 5
3366552 3
3040632 3
5291944 6
15325296 4
5414360 5
8296848 5
16193184 4
13936608 3
5299952 3
9125704 4
7816144 5
2840544 3
12144328 5
5433288 6
5937120 3
15264088 4
5045544 4
10396568 4
4025056 3
10296048 4
14461272 4
11593176 4
15407336 5
13941200 4
9268840 6
6019160 4
7695968 3
5666696 6
13736632 6
15815408 4
16362080 5
13678056 3
8284808 3
13088096 4
3102008 4
10133200 5
14496608 5
14054040 5
8891736 6
8731632 4
15557472 3
16303448 3
15119776 5
5447400 6
8342152 6
10431176 4
3046736 4
13751416 5
13505912 5
4603368 4
15852648 3
7385000 5
9346512 6
6081432 3
3751720 6
10331048 4
10133144 3
5714744 4
6639080 3
9115624 6
2739128 5
13738984 5
9781128 5
5216624 5
7949256 4
12122320 5
8111432 5
2969456 5
4016040 3
13609064 4
5748848 4
3042256 5
9229808 4
10071656 3
11528328 5
10987760 5
3489248 5
2873248 6
8186528 4
12430600 4
8974056 3
3750376 5
3526096 3
12961256 5
15905904 4
15329608 5
10010448 3
9431688 5
15682184 5
16200464 6
16106888 6
7544656 3
13457864 3
5707576 5
9155496 5
2866080 4
5197640 5
5668040 6
4585840 4
15538600 5
4115664 4
3265976 4
15816584 3
8215816 3
15132880 4
10212944 5
13609568 4
6710648 5
8970136 3
15850632 4
7437416 3
11004056 5
15361864 3
12955432 4
10315592 5
5172832 3
3038896 4
16127664 4
4583208 3
13164312 4
12534424 6
11073328 4
11583376 4
13358688 5
12103448 3
9248624 4
11415152 3
10858400 3
15836016 4
11744712 6
10890992 4
7805392 5
11431560 5
4020016 3
14537992 5
9382856 3
8340304 5
4106480 4
15342824 4
7675192 4
7928480 5
16197384 3
3073504 5
8976240 4
9344496 3
9168488 6
14538832 4
10892784 3
11593680 5
9904888 5
13695640 4
16427208 5
6762336 5
2972088 5
16135280 5
12371632 3
3568880 4
7740600 6
12467280 3
7052080 3
15256304 3
10960656 4
10890488 3
7398776 4
9401448 3
4611320 6
13277432 4
14562408 3
7547848 6
5831392 4
13944504 6
16106608 4
9796808 4
9130744 5
15252384 6
13092520 3
5227432 3
2817248 4
13301512 6
8185128 4
6712272 3
3336144 5
15251824 5
2870504 3
3622584 3
7687288 5
12429424 4
13686736 5
15157968 4
5196408 3
11223800 3
15351112 5
9911888 5
7952504 4
9790200 4
9233784 3
7566440 5
11511920 6
11136608 6
3664024 4
10316376 5
13422416 5
15160992 4
7580272 6
3814776 3
9219952 6
15264536 4
13735288 3
10908912 5
14489944 5
3276112 3
7688072 5
8178856 5
10278128 3
6716752 4
10081400 3
5229168 4
7560784 5
7401296 5
11639992 4
8779120 4
13039768 4
15031576 5
3909416 5
11114992 5
13358856 3
10200904 4
2834272 5
15775088 3
11506992 6
9827216 4
15152424 3
13464360 4
12991160 4
11254152 4
14022736 4
16200352 5
15603056 4
3504368 5
6176072 3
11236960 5
13457528 6
9392824 4
12365080 5
7762832 4
16201808 4
3635408 4
16106160 4
7666960 5
11334960 3
5236840 5
5461960 5
8775144 3
12121760 3
9827720 5
12219480 3
15897840 5
15518384 4
12534984 5
13359304 5
10974432 3
13351016 4
16429840 5
10091144 3
9413488 5
8344336 4
2973152 4
5635336 3
6150536 3
7674352 5
9139032 6
2976232 5
13735400 5
7400400 4
8112776 5
5568304 3
3655344 4
9140936 5
10312792 3
8903888 3
15350664 5
12298328 5
7035000 4
13512520 3
12141304 5
5420016 3
13999776 4
4704168 4
7594832 4
11219768 6
3554488 4
8301664 3
6794536 3
7071848 4
13412728 4
11058488 3
12368272 4
10992800 3
7927080 6
13541136 3
4709600 6
5644184 6
15526224 4
15833776 5
3648736 4
3524080 6
9084152 3
5498472 5
11738832 6
3235064 3
15606640 5
11322808 3
10398808 4
7916216 3
15608936 3
11507888 3
13542368 4
8266608 4
9166024 5
9157736 3
15058344 3
13564040 4
5888456 4
12967696 5
13222888 3
5822936 4
16073456 5
12367264 4
8264592 4
3788456 3
3102904 4
4074840 3
5045152 5
8895824 6
10302376 6
3655064 3
15946392 5
13867728 4
13355608 3
6084512 4
5622904 4
12305048 3
9220008 4
2768248 5
12401760 5
7511504 3
11488904 3
2870000 5
13713000 6
15898512 5
13721288 5
11128432 3
12411616 5
16130968 4
8961008 4
9903824 3
6646584 4
15622824 4
3337936 3
3813096 3
6999160 3
6187720 6
12428080 6
9411920 3
15807344 5
3799824 6
12998328 5
4085424 5
9805712 4
10066896 3
12137272 5
3357648 3
5185376 5
7578536 5
5469016 4
7066528 5
11344368 6
3488184 5
16423120 3
3622864 5
15359176 5
16196376 6
9115512 3
15350888 5
10433360 4
12426512 4
6769616 4
13615952 5
3517752 5
15359064 4
8748376 4
15062320 5
15657040 5
11237128 3
8977304 4
8001000 3
4635064 5
7515592 5
10212048 3
11317152 5
15668576 5
13550264 4
6806800 3
12411672 5
2873752 4
8731576 6
15624784 4
12201560 4
16134832 5
14555856 4
6134688 5
4049808 5
9806832 3
16037168 4
12991440 5
12168800 5
11779152 4
15525160 4
5961480 5
13621328 3
13420008 4
7595112 5
14033880 5
16197832 5
3340176 5
13704936 3
10349192 6
14054096 6
6794592 5
10035032 4
13801144 4
5422704 6
9107056 5
2832760 5
5951064 3
11074784 6
6713000 5
3647896 6
15095472 4
5623688 3
14140112 4
10006360 5
5373032 5
15834280 5
5302248 4
9429672 3
13956320 4
16396968 3
13759144 3
11245808 5
5432280 5
8045520 3
13349728 5
3616536 5
3786216 5
7062384 3
4113648 5
10203984 7
2870168 5
5184480 5
4048240 3
10872120 4
16096528 4
3851512 3
3099600 4
9103304 3
10954552 4
4671352 5
4577776 5
9758392 3
16394840 5
13029016 5
3275664 4
7052640 4
3504032 3
5666416 5
16039072 4
11613112 5
7431144 3
2977576 3
11769240 5
10393264 5
13751248 4
9902032 4
4683616 3
12933592 4
5485480 4
15647856 4
15125712 4
14468776 4
6749344 4
5740336 5
3500504 5
14038136 4
4675552 5
3046568 3
3614688 5
16147656 5
8102696 3
14591752 3
6996976 4
7384048 3
11743928 4
3038392 5
16304792 5
2980208 4
11433072 3
6208776 5
3372712 3
15635760 5
8862392 4
12934880 4
9934064 3
8026704 6
9157960 5
3526544 4
7947128 4
5652080 4
8826608 3
9367176 4
13824720 4
14030520 6
8317064 4
2838360 3
9825928 4
12294352 4
3067792 3
11364472 5
7384944 6
5176584 6
12989816 5
9415280 3
15350384 3
6182512 4
4640664 4
5372528 3
14596176 6
6802320 3
8777384 4
6968304 3
2767800 5
16205000 4
13621384 4
15120784 5
13228152 4
11411344 4
12298440 4
10134488 5
6709136 5
8830864 4
8019592 4
6708912 6
12457648 4
3242904 4
15670032 4
10429272 5
13607720 5
9264584 5
15903944 4
11245472 4
11615352 6
13022520 4
6708688 4
10909080 5
10427088 4
15669920 6
5041120 4
5143880 5
6729184 5
7806736 4
15917720 4
13226976 5
3103184 4
15669584 4
6135136 5
13354824 4
16147096 5
13972280 6
16389800 6
14525280 4
8340808 6
12477136 4
10302320 5
6713168 4
7645680 5
12132120 5
3237752 4
10137176 5
2980656 4
9247728 6
14570136 4
13741000 4
3364312 5
15930712 6
4122272 4
5036472 4
15854216 6
12297824 4
15673952 4
11631816 6
16062704 4
3501792 4
6089048 5
12992336 5
6968248 4
3067568 4
3913000 4
9350768 4
10204488 5
10413704 6
3754968 4
7951328 4
11432624 4
10033016 4
7661752 4
15051680 6
6650672 5
13807192 6
10400432 4
16389464 6
5721800 6
3663520 5
2801120 4
3823064 4
7697200 4
15123696 4
13422248 5
5720008 4
6877024 6
11222624 4
16083144 5
5818232 4
12465544 5
11664464 6
15684256 4
8345736 6
5831000 4
3025904 4
3766616 5
15935304 4
3622136 5
15116192 4
7914984 5
5568920 4
11657912 5
5557720 5
15357832 4
12199880 4
10005240 4
16147544 4
8281224 5
11528272 4
3239656 4
5045600 4
7646520 4
6085856 5
13999888 6
8024744 5
5948152 4
3570840 4
11236120 6
7763056 5
16133320 5
6774544 6
7029736 5
13550712 4
9411472 4
14592200 5
8781136 6
3532088 4
12195064 4
12393696 4
4054176 4
6954360 4
14598864 4
3792656 4
13507256 4
3132752 5
6155016 4
10396400 5
9233896 4
5920712 5
6987568 6
13562640 4
10955000 4
16193688 5
5368776 4
10068968 5
3397016 6
8182944 4
12165944 4
6868456 5
7004984 4
5623408 4
5944120 5
5139064 6
15559432 4
9262064 5
13287008 5
16324392 4
13454280 5
3136784 4
16081688 5
13616456 4
10433864 6
11474232 4
4582368 6
12464816 4
3241840 5
7434056 4
9082864 5
3813208 5
4143272 4
11626104 5
11069912 4
10873016 4
14595336 5
7665056 4
7064680 5
12301408 4
13866216 6
9107336 4
12954088 4
8890224 5
8316000 5
5307624 4
11513096 4
7758800 4
15521184 4
12523672 4
3386600 5
10310384 4
3233776 4
13267688 4
7838096 4
10345552 4
7663376 4
10990896 5
15668520 6
14033656 5
13803160 5
11592952 4
5201504 5
13882008 5
12444768 4
14561960 6
11003160 4
13088040 6
14596232 4
16035096 4
12531792 6
5889632 4
5422984 4
12436144 5
9745848 4
13246296 4
3852240 5
8893808 4
12523728 4
13976312 6
13419896 4
11264792 5
3268048 6
15095024 4
9370704 4
10894520 5
15641696 6
14599256 4
6642160 4
13433168 6
13092072 4
12368048 5
6210288 4
15051568 4
16307424 5
8969464 4
6970992 5
6650784 4
5944288 6
10996944 4
13718264 5
7005152 4
11519088 4
16341080 5
9827440 4
16094624 4
15387848 6
3493336 5
16115848 4
7694792 5
11333280 4
7674296 5
12467336 4
11219936 5
5414808 4
11628120 4
13805512 4
5033448 6
5169976 4
5556152 6
15640968 4
6088544 5
12523168 5
9905784 5
7647136 4
14554456 5
7548520 4
13085408 4
13529768 5
13811280 4
15260896 4
15815576 5
14554792 4
3501848 4
16360288 5
5884872 6
15393504 4
13736912 5
10987928 5
13605200 5
12992168 4
2803696 4
13424096 4
15259552 4
8301832 6
11214560 4
14489440 4
14591584 5
5886776 6
13259512 4
12373200 5
13020896 4
13455176 5
13023416 6
7020384 6
2848552 4
3335416 5
6207600 5
4056360 5
8771056 4
15807400 4
6974072 5
15323952 4
7532168 4
14527240 5
11157104 4
7687792 4
11512928 5
15393560 6
7396816 4
3489696 5
14032592 4
11410896 4
9925272 4
13965560 5
13096216 5
3256176 4
15800232 4
8861048 5
15772904 4
5914440 5
15374128 4
3664080 4
4139240 4
16041368 6
6173608 4
7596624 4
7699552 5
11526928 4
6794032 6
15263584 4
2812376 5
16204496 4
13171480 4
5819352 4
14141008 5
11488848 4
10962896 4
4704112 5
10828216 5
6646248 6
10065384 4
9370760 4
8972264 4
5643736 5
9043048 4
15387736 4
15672160 5
15899856 4
14472864 4
4086992 4
5487496 5
7006328 5
8100512 5
7568008 4
6978160 4
4015984 6
3779552 4
9393104 4
2836456 6
13089552 4
5184312 5
4057872 4
13433000 4
10895024 5
10134264 5
6805904 4
4110736 4
11746896 6
13413344 6
10844400 4
10956512 4
15156904 6
12187784 4
3058104 6
10131128 5
13705048 5
3124576 5
8213408 4
11156600 4
8332128 5
15052072 5
15783600 4
14533960 5
2836344 6
2742768 4
10829112 5
15309168 4
4054288 5
7401128 4
11740120 5
10400880 4
7070560 4
6009696 4
3227000 6
10956568 5
15641864 6
3140256 4
7909216 4
15149792 4
4012400 5
16041648 6
10844568 5
3092320 4
12465264 5
6642104 5
10025624 6
3537296 5
2812152 4
14599368 5
13038816 6
5667928 4
4115608 4
5373256 4
16133208 5
7041832 4
15059632 6
13882456 4
11760728 5
7516040 5
12444320 4
7837088 4
13162744 4
3372376 4
8169896 4
6248648 5
10051160 5
6240360 4
9219560 4
11775064 4
5497576 4
10201800 5
11256560 5
3654896 6
3555216 4
9430120 4
15930600 4
11789008 6
9379496 4
3538080 4
10130904 5
9744112 4
15084776 4
11128264 5
11431504 4
6081768 4
7010696 4
14522536 5
5882856 4
10831800 5
13759312 5
6781264 4
11246872 5
15526056 5
7665840 4
9747920 4
5137272 5
10267992 4
14498400 4
15673448 4
3651760 5
15637664 4
7062440 4
15356656 5
9106160 4
8903832 4
16039184 4
5814648 5
6081880 6
13956376 4
5649392 5
16100448 4
9829456 5
5042016 6
8960952 5
11139184 5
12405960 4
7068768 4
12379808 5
6208608 4
13988576 4
3766112 4
3073336 5
8297744 4
13617800 4
7529424 5
16038288 5
6972392 5
5136264 4
11154360 4
15256920 4
10833648 5
13171424 4
15649872 4
4138848 5
11358088 4
10081232 5
14501704 4
5137384 4
13154680 6
6971272 5
6085912 4
5135480 4
4578784 4
7828240 4
5747504 5
10283728 4
9743832 4
3132584 5
16204888 4
9415784 4
12478032 4
14599760 4
13170920 4
6872992 5
15603112 4
4048296 4
5206880 4
13539792 4
10974880 4
14587104 4
15656032 4
15521072 4
13154792 6
7937888 5
3650864 4
8328488 5
3766056 5
8040032 6
13940920 4
3111696 6
5438552 4
12424496 4
13620488 6
3339952 4
5175408 4
5037984 5
7818888 4
11225032 4
13452264 6
15100568 5
8282792 5
14009296 6
16303336 4
15123864 4
9944200 4
11432848 6
14464296 4
12379416 5
13229664 4
6735344 5
8279432 6
3848656 5
11498144 4
10427032 4
13022688 4
13726440 4
12202960 4
13019104 5
9954392 4
16337496 4
4618096 5
8170288 4
13156136 4
3844568 5
8830416 4
13944056 5
8006264 4
15636656 5
5623240 6
6761440 4
13825112 4
10205776 4
9237872 4
7064904 4
7412664 4
15342320 4
7433160 5
15838088 5
3059168 5
11742808 5
8891120 4
11004112 4
4016880 4
12973408 4
11137952 4
7810656 4
5446392 4
5554080 4
15415904 4
9934736 5
3910424 4
14490392 4
9377256 5
15655584 5
6146952 6
8209320 5
13531728 4
8268400 5
9272648 4
10857952 5
15899800 5
14021896 4
10333512 5
12154632 4
15415624 6
4574136 4
12154968 7
10865848 4
15772568 4
13675480 4
6774432 4
13867672 4
5366648 5
13710312 5
3615192 4
3832472 4
5566232 4
8114848 5
7031416 4
5913208 4
6646136 4
11252640 5
3499832 4
10280144 5
15809416 5
13679568 4
6085016 6
3634400 4
6010984 6
6019272 6
9428048 5
6745872 4
15783320 4
8002512 4
15310176 5
4057424 4
12107536 5
3354344 6
13759592 4
15063216 6
13006168 4
10429160 4
3271352 4
12105184 4
15940232 4
15946840 4
13604192 4
9270128 4
15152480 4
3798368 4
10828272 5
12429704 5
16049824 4
15680336 4
12109496 5
2981216 5
11071200 4
9038456 4
15684704 4
9909368 4
5642224 5
12174456 4
8840888 4
6647648 4
11166456 6
3356136 4
6793584 4
7574952 4
5140072 4
9102072 6
4076968 4
13989976 4
7907816 4
9219448 4
2768808 4
7841904 4
15251880 4
8017016 6
15120560 4
9940168 5
13300504 4
13342952 4
10272080 5
15149288 4
3792544 5
3766504 4
12371856 6
12167288 6
6017816 5
3270120 4
13285496 4
11776912 5
5871992 5
12130776 4
4121880 4
15117592 5
12140128 4
13244392 4
8345680 4
13353704 6
6748560 4
15329384 4
15035160 4
10425688 4
15684872 5
15624840 4
4139800 5
3532256 4
3791312 4
12965344 5
5889800 5
10412696 5
13262536 6
13254248 4
13737808 4
14128408 5
13946576 5
6770512 4
11760840 4
5665688 4
3817296 4
8744680 4
10833144 4
7548744 6
11063024 5
15027544 5
11477984 5
6018824 4
4610032 4
11521160 6
15252832 5
8869112 4
15310120 4
6134184 5
4012456 6
7033656 4
13019384 4
7513016 4
3059000 4
5824280 5
13159160 4
13023696 5
5033896 5
3847648 6
16324840 5
3353336 4
3620512 5
10033912 4
5709536 5
5499480 4
8217384 4
16038064 5
16433816 6
7542136 4
12121368 4
6872544 4
6219528 4
15095696 6
10007928 4
3400936 4
2801456 4
13288184 6
12365024 4
11526816 5
13506024 5
11761232 5
6247136 4
15067808 5
6987680 4
16201864 5
15407840 4
5564216 5
3140368 4
4041072 5
7041888 4
3505432 4
9772504 4
11521104 4
4603760 4
3401048 4
10296216 5
4618992 4
4574192 4
3624656 5
15898008 4
6185816 4
12101880 4
11125688 5
7675696 5
12369056 6
10992016 6
2874648 4
11366152 4
2973600 4
9130968 4
7064176 6
12363680 6
13543880 5
2768360 4
9804984 4
9380728 4
5820136 5
12424608 5
3917648 4
13539512 5
3614520 5
10394832 5
15394904 4
8890280 4
5651576 4
14472472 4
15341480 4
5306280 4
8961960 5
8859480 4
4614120 4
7035336 5
8861160 4
12380312 4
16426592 5
16324448 5
11357640 5
9941904 4
7533456 4
9364432 4
10975384 5
12369168 4
5649336 5
8732584 4
9911944 4
3390128 4
9401672 4
9092720 4
5437040 6
3534496 4
11221448 5
7043400 5
7937832 4
12167624 4
13097112 4
5752712 4
15259440 4
6802768 6
8760248 4
16406096 4
5632816 5
7566160 6
9760464 5
16304848 5
3092264 4
6708408 4
14554344 5
3551128 4
3922128 5
14136584 6
11331768 5
15785112 4
4640496 5
14040656 4
15319976 5
7566664 5
13508264 4
6773200 4
15917776 5
5830888 6
13977544 4
9742264 4
9901752 5
15946448 4
13809096 4
15374744 5
15848560 4
9413544 6
10130680 6
2834216 5
11583152 4
15066408 5
15787688 4
3074232 5
4021528 5
4650912 5
3275440 5
15132432 4
4151448 4
8776376 5
16296280 6
9758168 4
3227504 4
11626440 5
3755864 4
4142432 5
11605944 5
16071048 6
5709592 4
16129232 4
12404616 4
12934936 4
15348592 4
16034200 4
9346960 5
12102104 5
3111080 5
7429744 4
3759840 5
6695920 4
16130800 4
7008008 5
3390632 5
10332784 4
8891288 4
9239216 4
16295776 4
10024784 5
15902320 4
3364816 6
6978664 5
10327464 4
8296624 4
5231520 5
9148328 5
11744376 4
10280088 5
12301576 4
5929560 5
14563920 4
4078256 4
3921120 4
15655696 5
2801568 6
10959032 5
4579120 4
10857784 6
15058288 6
11257736 4
4712680 5
12465040 6
12142200 4
6206256 5
9934512 4
13268584 5
15918672 5
10057544 5
9019248 4
6781096 4
4602864 5
9745904 6
5708024 4
9744280 4
12195288 7
5468904 4
16405704 5
16397416 5
10155208 4
6651232 4
9762200 4
11644528 5
13727336 5
4671464 5
15088808 4
8104040 5
5911528 4
14003808 4
13940024 4
15510824 5
15656200 4
11257456 5
15099224 4
16049376 4
7542248 5
10138296 5
13246184 6
3268496 5
6153000 4
2746856 4
5634160 5
15931048 4
9040808 4
15099560 4
5882744 4
5719000 4
3799376 6
3100328 5
9383528 5
3910368 6
8748264 4
15034712 5
6167784 4
11486664 5
14570192 5
12195512 4
13711992 4
5919480 4
13226808 5
13804280 4
3386712 5
14032536 5
3226608 5
5135984 4
3135888 4
11069240 4
8344672 4
8905960 4
10413144 4
7400120 5
4602808 4
7533232 4
12932920 4
12202680 6
3388840 4
3618272 4
4109616 4
6868904 6
14030296 4
3275944 5
5872440 4
7840560 5
11114936 4
11769072 4
10212440 5
15521968 4
5369672 5
6872880 4
7758968 4
12966072 4
2743608 4
12296984 7
13998544 5
15422232 4
3851736 4
11499656 4
8182160 4
13937112 5
12998608 4
11365984 5
8828344 6
8263024 4
4024552 6
3130736 4
9748144 4
6077232 4
7759304 5
8968176 5
15519056 5
5161968 5
16426760 7
13084904 5
11057648 4
15639344 5
11527264 4
15309616 6
13024928 4
3358376 4
9122792 4
12141528 6
10829616 4
14468328 5
15673672 5
10394776 5
15838536 4
12186888 5
6696872 4
5749856 4
11058656 5
9043272 6
13679288 4
15125656 5
10873296 5
16094512 4
6804784 4
6084848 5
13694184 5
13007512 4
2784600 4
3914400 5
9140824 4
14460712 5
16296672 5
4619496 4
5036528 4
4675832 4
13426448 4
13262424 4
3817128 5
13686008 4
13278944 5
7810824 5
15157072 6
15030680 4
8842904 4
13718488 4
3759896 4
11599056 4
13882960 4
4138792 5
15649928 6
8114960 4
15771560 5
3569048 5
13866664 5
5119352 4
5227376 5
8732024 4
2739576 4
9163672 5
13413176 4
15256472 5
16071776 4
8218728 5
11140192 4
3845856 4
4013352 4
9248120 5
6219864 6
3385256 4
10199784 4
4578616 4
5290936 4
6151264 5
5717600 5
7851088 4
15850576 4
6014568 5
14037968 4
4024104 6
15149400 4
16308432 5
7666848 4
6199200 6
6002920 4
5960472 5
14136416 4
7383992 6
5171656 5
7543480 4
5151160 4
9936024 4
9248232 4
3401552 5
10329424 4
5174176 4
4151504 4
8299424 4
3025848 4
11316704 4
14500696 4
9262008 4
2841048 5
14562632 4
3038672 4
12198872 5
9942128 6
10895248 6
10994928 4
12174792 4
6802600 6
12534872 4
11266248 5
6706616 4
3323320 4
4614008 4
5171320 5
3352440 4
15947344 5
9378488 4
9219000 5
15787856 5
13873832 4
10402952 4
12942104 6
8877400 6
14557928 4
9019304 4
13260744 5
3811304 4
7020328 4
15052128 4
12138952 6
4579232 5
8746920 4
10278800 5
7011592 4
10270120 4
3044776 4
12105912 5
10040296 4
7545832 4
8863400 4
9138920 4
8780968 4
12987352 4
14522704 4
3255784 4
8844696 4
12457368 4
12186720 5
7402864 4
8824816 5
10058328 4
16373896 5
15936088 4
2776984 4
11779208 5
16075864 4
13811336 4
6650280 5
6244168 4
5349232 6
7954184 5
7515760 4
9346736 4
7761544 6
13039264 5
11475408 4
13710200 5
8330000 4
13721176 4
6173552 4
7066416 6
13426336 4
16434768 7
13229832 4
5922504 5
5914216 5
8317008 4
3042984 4
6218464 5
7693112 5
10033128 5
2748256 4
4638648 4
9791096 6
9264248 4
11644024 4
7397040 5
12293904 4
10296552 4
9084376 4
13615784 5
15817928 6
15809640 4
12187728 4
11519368 5
9247672 4
9268168 4
9149168 4
16147152 4
13351240 5
11640720 4
3618104 5
13967072 4
3799712 5
15777104 6
7432824 4
15348648 6
4089680 4
10874528 5
5366760 5
3750712 4
5740952 5
2779896 4
15385328 4
10205832 4
16062872 4
8328544 4
13957328 4
3335864 6
3124520 6
7804216 6
7413616 4
8264872 4
9805264 5
4705176 5
7917224 5
11477816 6
10866128 4
16336488 6
13737640 4
5904248 5
3319792 4
2838248 5
13605536 5
11061232 4
3550680 6
12392688 4
12987128 6
3909976 5
15538992 4
2751280 4
6880552 4
16368464 4
11412408 4
14021280 4
3402448 5
13096608 4
5470920 4
7829640 4
13222776 5
16082696 4
5208392 6
12926816 5
12477080 5
10310552 4
13738872 6
9032688 4
11760336 4
10141320 6
7396536 4
6970824 4
11336976 4
4111632 4
6714736 5
14506184 4
14497896 5
10962616 4
15801240 5
2783984 6
3090808 6
2739184 4
9269064 4
8895656 6
5040616 4
11069688 4
15905456 5
3518256 4
16405144 5
9093000 4
13509608 4
12305608 5
5118960 4
8198568 4
3139752 5
13279000 4
15901592 6
13508432 4
6953912 5
15124368 6
5913544 4
9133656 4
7581000 4
10831856 5
14036568 4
13026776 4
7430024 4
9778104 5
10412752 4
5741848 5
9790424 4
10199896 5
4712232 4
15414112 4
14021392 5
10962392 5
16069424 4
4585896 4
13267800 4
11658192 4
3651984 5
5752432 4
7856800 4
2800056 6
16196320 5
3132080 4
12177032 5
6695864 5
9348024 4
9364600 4
12942048 6
10282328 4
9954504 4
4057256 4
10877104 5
6879600 4
5369448 4
15328040 4
3787728 5
8773520 4
7509432 4
5920376 5
4142376 6
7836976 4
5119912 4
5816104 4
15510320 5
11069408 6
10904824 6
8110928 5
13026552 5
16356648 5
16137296 6
14030072 4
3134880 5
3622360 6
11474400 5
9035656 5
3864224 5
13719496 4
9909704 5
3325112 5
13160168 6
6219976 4
7921424 6
13676376 4
5040952 4
15256808 5
14563976 5
2865520 5
15618736 5
9084656 5
2813664 4
3272528 4
11597040 4
8115464 6
8844976 5
12930904 5
3567256 4
8104544 4
5499592 5
7043680 4
3909472 4
10425576 4
13432160 4
10071880 4
15549352 4
15608432 5
7959392 4
13000344 6
3123568 5
3341520 4
11498256 5
2751840 4
7576744 4
3058160 4
4017384 4
7545720 4
11246816 6
7742448 4
5206824 4
8846488 5
14526792 5
3550456 4
14469784 5
6199536 4
2873584 4
16361576 4
6761272 4
8315552 5
11644808 4
10138744 5
15672104 4
13609736 4
4635120 5
11772656 4
5894952 4
6737584 5
10328752 4
10845408 5
7567952 4
8740088 5
3799208 5
6880160 4
7435176 5
11324600 5
7961352 4
13212472 5
7591024 4
14533288 5
3398808 5
10876320 4
14559048 5
12153568 4
13466208 4
3339504 4
7511224 5
12371184 4
15319920 5
9344440 4
5032944 5
8329888 4
3537072 4
8181936 4
5349288 5
13007568 5
9907800 4
12400752 5
8828400 5
11738776 4
13245176 5
14472416 5
11345824 4
12164880 4
5217632 5
13825616 5
8877904 5
4677400 4
8744792 4
3046288 6
5906264 4
7741328 4
3647280 4
10005464 4
10878112 5
3552752 4
13464416 5
9409960 6
15023008 4
11137840 4
8002232 5
8334088 5
15539552 5
5208840 4
4078480 4
15834000 4
12392856 5
6181784 6
11475128 5
13605648 5
15901424 5
7576912 5
16083032 5
3075856 5
3078320 5
2750888 5
5708248 5
7675360 5
3921680 5
5494664 5
12138616 5
7809144 5
14554960 5
7858256 6
11607792 5
10083976 5
8170848 5
12164768 5
11214616 5
8862672 5
13800696 6
15907920 5
14594832 5
12174288 5
15060304 5
3853976 5
2849112 5
11579288 5
15619464 5
6175848 6
6184136 5
7051632 5
11616136 6
5946976 5
14505568 5
5741792 5
15938216 5
12405848 5
9940056 5
10067792 5
11345376 5
11771032 5
11148536 5
5447512 5
13563984 5
16405200 5
5896968 5
10154704 5
9901528 5
2740136 5
7404712 5
6978888 5
6876128 5
13089104 5
13162296 5
13551048 6
13096160 6
13703928 5
6806688 6
5119856 5
5419960 5
7838880 5
10034136 5
9411248 5
9018296 5
12168968 5
7511728 5
6954920 5
5938968 6
5569816 6
7928144 5
11003552 5
6770344 5
7815864 5
6868848 5
16368296 5
13728344 5
15418200 5
10343312 5
11625432 5
11133752 5
15816304 5
7433832 5
11344312 5
7663264 5
11364808 5
12219592 5
3758552 5
3358544 5
15821512 5
11266136 5
3136672 5
9383752 6
5558000 5
16427096 5
8297632 5
6243048 5
15838312 6
5045040 5
15635872 5
9762480 5
15148896 5
8857464 6
11368840 5
11345712 5
10295152 5
7412720 5
15407448 5
6768104 5
16357544 5
5175688 5
5553968 5
8871632 5
2744112 5
9806776 5
12997880 5
5628896 5
3323376 5
11760280 5
3922072 6
5948376 5
4636464 5
4146408 5
9909200 5
9108568 5
3385200 6
16422112 5
13800920 5
12941152 5
4676056 5
9040752 5
11498592 5
11597208 5
9809520 5
15898288 5
5949048 5
5151216 5
7804384 5
6076784 5
15918728 6
6167280 5
13084456 6
3864728 5
15051120 5
15832488 5
15517096 5
16368968 5
3864784 5
11641840 5
7437192 6
7032648 5
15854160 5
14140504 5
4073384 5
3917032 5
6867896 5
15161552 5
3235568 5
7840672 5
8037176 5
2968560 6
4041632 5
9907912 5
7919800 5
4114096 5
11479496 5
10991008 5
14559944 5
7745416 5
10889200 5
13883016 6
5469800 5
15609160 5
10987424 6
3227112 6
14002632 5
6800752 5
6639528 5
15551592 5
5751704 5
5194728 5
6144880 5
14140616 5
3843896 5
14468440 5
3787448 5
8906408 5
6199704 5
5896296 5
8333416 5
8743672 6
10991792 5
3091256 5
11315696 5
4074392 5
14129304 5
13441512 5
4712792 5
11330872 5
11369736 5
16100616 5
9035376 6
9822904 6
11324880 5
3325392 5
4085648 5
13524560 5
10843952 5
9089976 5
11508896 5
3811192 5
8732136 5
3847480 5
16063712 5
10266536 5
7849352 6
16192792 5
5229896 5
9403016 5
4640216 5
5143656 5
3516856 5
11510688 5
5432952 5
3663632 6
7043848 5
15264480 5
6876968 5
16127384 6
7761488 5
13704152 5
6745760 5
13965784 5
6089496 5
3243352 6
9760408 5
15787352 5
16431184 5
6810384 5
9954000 5
8034488 5
9823352 5
10057320 5
15621256 5
8895376 5
6794144 5
3536176 5
4647160 5
6737808 5
11221112 5
5927768 6
9042544 5
11662000 5
6003032 5
6084400 6
5888120 5
7694456 5
6729016 5
10890712 5
4648728 5
12967584 5
3238648 6
9393272 5
11148760 5
3402392 5
8826328 5
11746952 5
12163536 5
14131992 5
4121824 6
15407896 5
7064456 5
13465928 5
4669280 5
3091424 5
10155096 5
9425808 5
2840376 5
5556208 5
8211336 6
8760304 6
9368240 5
14559832 5
3757880 5
9155440 5
6240584 5
3026856 5
12302472 5
8057616 5
13808760 6
9235128 5
12531848 5
6875512 5
8057952 5
4150552 5
16422168 5
9167704 5
13155128 5
3036600 5
15605072 5
5412848 6
15153320 5
5232752 5
16368744 5
3270008 6
13530216 5
5487216 5
10065272 5
3504536 5
11410616 5
3356024 5
7654584 5
5819128 5
11061176 5
16372832 5
2805656 5
12301072 5
13096720 5
4639992 5
7954016 6
12293344 5
5945464 5
4581752 5
12925416 5
3138912 5
3335640 5
15932056 5
10960544 6
5460728 5
6149024 5
13741896 5
11125744 5
11170544 6
7513072 5
9778160 5
6802096 5
5751536 5
6240864 5
2869104 5
11154416 5
12109272 5
4078928 6
8214640 5
2800112 5
5961312 7
9823184 5
16200968 5
15087016 5
16299360 5
5370736 5
3913056 5
5569760 5
13170528 5
5487944 5
16429728 5
3255224 5
16296168 6
14587552 5
4713184 5
3849888 5
8743896 5
4024664 5
5566176 5
5886944 5
5164656 5
16148048 5
13936440 5
14558824 5
13084512 5
12101600 5
3065328 5
6716304 6
15510880 5
14461664 5
15383648 5
10397576 6
5152672 5
10829728 5
7927976 5
2751392 5
2744224 5
3268272 5
2815904 5
13225576 5
16422672 5
3549168 5
10068856 6
4583264 5
13277152 6
5553632 5
11254880 5
16300704 5
9377144 5
8019536 5
3272360 5
11658696 5
12162528 5
3647392 5
12197528 5
2980768 5
13414184 5
11363296 5
16393832 5
15034208 5
2781016 5
10905552 6
11580912 5
12199544 5
12399408 5
5365640 5
4076912 5
14460768 6
6728176 5
4106032 5
7529144 6
8761256 5
15549296 5
10866352 5
16043160 5
13213480 5
11595472 5
8858584 5
14469840 5
7019320 5
3132304 5
5217184 5
4021472 5
7908320 6
12426400 5
8199464 5
15023456 5
4122776 5
8219400 5
6711992 5
15423576 5
11166680 5
13882064 5
16335704 5
15647408 5
15084272 5
9235408 5
6743352 6
3816400 5
7948920 5
8178352 5
2870616 5
9265032 5
6167896 5
11597488 5
13825224 5
5229672 5
13039376 5
15604904 5
13869912 5
3634960 5
14587664 5
8309896 6
3235288 5
14137480 5
5732552 5
13753936 6
15551088 5
15606696 6
3242736 5
15342488 5
3390800 5
6978440 5
12302416 5
2976736 5
15852368 5
15538544 5
8102752 5
16423064 5
3488240 5
13808592 6
3913896 5
5368440 6
7394744 5
9795184 5
13237000 5
16303784 7
12103392 5
13972448 5
5632928 5
2776312 5
13522376 5
6810272 5
8969968 5
13942432 6
12477528 5
13675256 5
6239072 5
13989640 6
5644016 6
3238872 5
16127888 6
6974408 5
15801072 5
9364152 5
12403608 5
5919704 5
3767008 5
13343456 5
4677344 5
5170144 5
11641784 5
12137440 5
9416008 5
15096984 5
4111520 5
3844344 5
3822840 7
13433504 6
15555848 5
16358048 6
7919072 5
5164936 6
14533456 6
11509008 5
14000952 5
13511288 5
15539104 5
12219984 5
8877288 5
6009640 5
14525224 5
4701088 5
14562128 5
13882568 5
11428816 5
4708144 5
15619184 5
16307480 5
15938664 5
15946952 5
5906152 5
8104264 5
4582200 6
7951160 5
5216680 5
15022504 5
6218520 5
8340584 5
10413256 5
8025192 7
8775032 5
10018456 5
15903832 5
8004584 5
6729520 5
8099112 5
10909360 5
13158376 5
2842336 5
15554952 5
14003976 5
5749128 5
3914064 5
8209264 5
4017048 5
6762280 5
3352552 5
10203816 5
9036776 5
16393048 5
8307376 5
15938384 5
15834448 5
15375584 5
15539496 5
15406944 5
12527704 5
6077736 5
14490336 6
11149208 5
5905368 5
8780464 5
10058440 5
13085016 5
3812088 6
4708256 5
13619872 5
13998264 5
16425696 5
11264736 5
2783144 5
13342560 5
15907976 5
13804504 5
3039120 6
14465360 5
10009552 5
3267768 5
2776536 5
7590800 5
7655088 5
6200544 5
13097168 5
8178576 5
10296664 5
4619608 5
5558168 5
14533736 5
9237928 5
8003408 6
12176976 5
15035104 5
9742320 6
10964632 5
10312904 5
15801576 6
8342096 5
11127928 5
16114952 6
7515256 5
9780344 5
6643168 5
4052384 5
16372384 5
10833368 5
12364184 5
16296728 5
8211560 5
6793640 5
13869800 5
8845200 5
15852872 5
9018744 5
16356704 5
8003240 5
13349672 5
8844528 6
3917144 5
4574696 5
6800808 5
11630472 5
6643616 6
5927656 5
11736536 5
15328096 5
2811872 5
4684512 6
13089440 5
5747616 5
2866528 5
10958136 5
15064224 5
8902320 5
15160544 5
15848840 5
3079328 6
16405592 5
5872104 5
4651248 5
3814888 5
11776688 5
6013672 5
4700528 5
9157232 5
5609968 5
11408824 5
7917392 5
6999664 5
12404336 5
11237576 5
11772824 5
9379664 5
10995600 5
6080424 5
15116696 5
6212696 5
13288408 5
5454456 5
13466376 5
3110184 5
7398888 5
5911416 5
8045688 5
16389352 5
5438664 5
11658360 5
8186024 5
5304040 5
15263528 5
10081736 6
5497688 5
9350264 5
2878232 5
10431064 5
6647592 6
13269592 5
3100496 5
6744528 6
12535376 5
15771504 5
9131640 5
6696424 6
5217072 5
3750880 5
13019608 5
11480672 5
12988136 5
16062256 5
16358160 5
11773552 5
10070984 5
3325616 5
6808872 5
16069536 5
16398984 5
12954424 5
12296928 5
3634848 5
16325400 5
4713240 5
4143888 5
5307736 5
12122264 5
7843080 6
8977640 5
11073440 5
8058960 5
15809136 5
15509872 5
6871536 6
14009016 5
8747928 5
12526304 5
15685768 5
13171032 6
6154848 5
7961184 5
7596680 6
13351520 5
14523152 5
13825672 6
13442016 5
9149784 5
12293400 5
3255280 6
4684120 5
15067304 5
6716584 6
13441400 5
5643512 6
12477640 5
5435080 5
12142536 6
11485880 5
4668384 5
13018936 5
2877280 5
3321080 5
12925752 5
11245976 5
7762608 5
3754744 5
4049584 5
10964688 5
5830496 5
8961512 6
11170712 5
14465696 5
8895152 5
10343536 5
16430344 5
3816120 5
12986344 6
13251448 5
7921312 5
13162464 5
8858360 5
6747552 5
3650976 5
4146856 6
8871576 5
6247192 5
13997368 5
4586400 5
3634456 5
15099728 5
15394568 5
15820392 5
2774968 5
5452664 5
3274096 6
2833208 5
12962488 5
9954896 5
7807800 5
12933368 5
15255464 5
4107544 6
10433192 5
12413016 5
15131928 5
4669224 5
10845464 5
10056536 5
3079440 5
5183976 5
14588056 5
16099720 5
4712288 5
10430056 5
2816408 5
14521640 5
15131872 5
13703144 5
10856944 5
13452152 6
7068040 5
5194616 5
15325576 5
12526360 5
7936992 5
12393752 5
5634440 6
3570896 5
4581864 6
7805112 5
9231824 5
6986224 5
15067472 5
14570584 5
10066616 5
7952840 5
6805680 5
10048248 5
2976568 6
13988632 5
12534480 5
8265040 6
6150256 5
8295840 5
7698544 5
15522192 5
12425616 5
12195792 5
9042824 5
3099320 5
14461720 5
8968120 5
6003480 5
15117536 5
3239768 5
5208672 5
14537488 5
9364936 5
13465704 5
13442856 5
7949928 5
3755752 6
6999944 5
14523040 6
15682128 5
12445832 5
11135432 5
5662328 6
9743608 5
5414136 5
4147864 5
7645624 5
9428104 5
10343816 5
11363128 5
7427056 5
10874640 6
3226552 6
14133336 5
9805488 6
7857248 6
13412840 5
5822712 5
3500280 5
6972280 6
11213048 5
5133240 5
13093528 5
13351688 5
15674120 5
12399520 5
9124472 5
5714912 5
12166112 5
16362248 5
14036680 5
3075744 5
13944280 5
3525816 5
5884536 5
5231408 5
16390808 5
12930008 5
5446616 5
7744632 5
4106144 5
15321712 6
15324064 5
13726552 6
5455688 5
3620624 5
9411752 5
5364856 5
14473368 6
5233928 5
4074728 5
9747640 5
11777416 5
3918488 6
14009464 5
7950152 5
8281168 5
9018856 5
9953944 5
3564792 5
15837808 5
12463192 5
5564888 5
5822432 6
8840664 6
14489832 5
10995096 5
5479656 5
12300960 6
11325328 5
3505376 5
12392240 5
8842960 6
13353816 5
15934296 5
15783152 5
9942408 5
11582648 5
3863832 5
13824664 5
3831464 5
5750024 5
6714792 5
7818832 5
4147920 5
8024912 5
6154568 5
11640272 6
13874000 5
8738800 5
16372496 5
10397296 5
8742888 6
10004344 5
3533264 5
9906120 5
11629296 5
3909864 5
5928776 5
15260056 6
11157384 5
5760776 5
7565992 5
3500000 5
8329384 6
15559264 5
13414240 5
5873504 5
15382920 5
3026408 5
3844064 6
11322864 6
10270064 5
16135056 5
7829584 5
10042312 5
16041200 6
15153488 5
11744208 5
15526560 5
11773832 6
10829280 5
7838992 5
12109048 5
15522976 5
15026088 6
15938888 5
6241032 5
16331616 6
7431032 5
7070504 5
13550544 5
15821400 5
7849072 5
15330056 5
10197712 5
9796696 6
7647024 5
9266152 5
11133920 5
15066464 5
11147248 5
12109776 5
11315640 5
2866472 5
6809936 5
15918280 5
10016440 5
12130552 5
3614968 5
5493656 5
7413224 6
6080368 5
13342504 6
5198816 5
14128800 5
3517920 5
8902544 5
5717768 6
13619984 5
11435088 5
3848376 6
10402896 5
16108624 5
12197584 5
14598808 5
15084888 5
12974248 6
4577720 5
11213272 5
6880048 5
15555680 5
12459160 5
3656856 5
8186640 6
4672248 6
15030512 6
10894800 5
11332048 5
16339736 5
11003664 5
3758048 5
15095192 5
3364536 6
9368688 5
3917480 5
10200680 6
10841824 5
8217440 5
13617744 6
6018656 5
14472976 5
5830440 5
10442320 6
10282832 5
5635168 5
11333392 5
16050384 5
8170792 5
13507536 5
3663072 5
12988248 6
13224568 5
13976536 5
10328976 7
7532112 6
15027096 5
7595336 5
4575088 5
14504672 5
5731040 5
15680168 5
13688528 5
8007496 5
10954720 5
4139744 5
12925920 5
4089176 5
12989928 5
15657096 5
8760808 5
9429840 6
5479768 5
10864112 5
15553328 5
4020464 5
7547512 5
3077424 5
8170400 5
10271632 5
8104712 5
9018352 5
16390864 5
15639456 5
16360232 5
14132832 6
12436592 6
9163504 5
8278704 6
15800176 5
6231904 5
13938400 5
3241896 5
5564384 5
5445496 5
5479320 5
7051688 5
7936376 5
3135664 5
7828744 5
13727560 5
13875848 5
15027432 5
4636576 5
5300120 5
11058992 5
6781600 6
3059504 5
11739896 6
9758672 5
3823568 5
11147192 6
13511624 6
5141360 5
13801424 5
9795464 5
12930792 6
4638704 6
6182792 5
15902600 5
13260408 5
3353560 6
10426192 5
9082808 5
7574896 5
11606000 5
8110760 7
5470808 5
3044720 5
11171440 5
9415560 6
6002472 5
3751776 5
8017352 5
3652768 5
6011488 5
7927136 5
4056416 5
3524024 5
9367120 5
8974168 5
9793224 5
5196744 6
13680296 5
7959336 5
15341424 5
16062368 5
10135496 5
11167688 5
2768752 5
9925328 5
13212136 5
12973352 5
15381296 5
13509496 5
11074840 6
9102296 5
7529928 5
8033760 6
7806624 6
9829512 5
2980264 5
9350600 6
7738808 5
4574584 6
11769744 5
11212768 5
14141064 6
3791032 5
5553464 6
5139400 5
13965112 5
5200328 5
4675384 5
6639472 6
8045240 5
12928888 6
5815264 5
12425392 5
6748336 5
3491824 5
6760824 6
10905272 5
13957272 5
4611824 5
11169368 5
6144936 6
13521592 6
13291096 6
13979224 5
13750968 6
16307984 5
11508112 5
15132320 5
9102968 5
5719672 5
7848624 5
4705008 5
8863568 5
12401032 5
5895008 5
13530440 5
13038872 5
8048264 7
7693280 5
16098208 5
3850000 5
10067624 5
5552568 5
9039464 5
5152560 5
16070768 5
6737360 5
6954472 5
2969064 5
12430432 5
6872376 5
11345208 5
12105016 5
6781712 5
9934232 6
15604400 5
15374576 5
3104528 5
2848608 6
6243160 5
9925720 5
13761104 5
14054992 6
5960416 5
15394400 5
16108680 5
10877328 5
16035040 6
14505736 5
10844064 6
10267376 5
13276984 5
5412792 5
15121680 5
4618152 5
5631752 6
10295208 5
3390352 6
12953976 5
15416072 5
14594720 5
5740784 5
6232408 5
2742712 5
7533680 6
10196816 6
3341464 5
12373144 5
13870920 5
6996920 5
14571144 5
5348336 6
12101432 5
16197720 6
13432104 6
8036112 6
2811704 5
9762032 5
9409904 5
5348728 5
8344840 5
11428536 5
3110240 6
7018872 5
10083920 6
11736312 5
9272424 5
13875792 5
13155296 5
14498568 5
12203128 5
7593096 5
7535696 5
13607776 5
5759768 5
15819496 5
11259080 5
14527072 5
9926280 5
16357712 6
2869160 5
6166440 5
13300448 5
6239016 5
7856912 5
15360856 5
15023400 5
8283240 5
2780904 5
5432056 5
6153056 5
2832872 5
13803216 5
13967128 5
14599816 7
13269704 5
6186600 5
8907416 5
11629464 5
8761200 5
15375640 5
13245400 5
16205448 7
5303256 5
15518888 5
3863776 6
11172952 5
5495896 5
9092552 5
6207880 5
16114784 6
10211992 6
9168712 5
16394056 5
5818344 5
6706672 5
3354456 5
13160280 5
6199088 5
7920080 5
13092688 5
7576240 5
8740312 5
5365192 5
15099112 5
5173000 5
11518864 5
12963496 5
7544488 5
14038472 5
11582928 5
6729632 6
3549112 5
8773072 5
9232272 5
9748368 7
8112720 5
5372808 6
13712328 5
11059104 5
14464352 5
10154648 5
12941544 5
7052584 5
6081264 5
11769520 5
10392984 5
8742776 5
15153824 5
11331040 5
5498696 5
3237864 5
11628232 5
11071256 5
14011984 5
15819608 5
4106648 5
14489384 6
4708760 5
13453944 6
9229752 6
13088936 5
5445608 5
10856888 6
8869840 5
13236328 5
7404432 5
7429576 6
5740448 5
11357304 5
11169480 6
8199072 5
9236136 5
15640688 5
11316536 6
15517040 5
12306000 5
3647728 5
15259888 5
3026800 5
15553440 6
8036000 5
2751784 5
3041976 5
8100624 5
6953968 5
12155080 5
6987064 6
13562976 5
14136080 5
13694632 6
12401928 5
16204440 5
13170472 5
9167592 5
8344224 5
14571088 5
2874592 5
8058120 5
15362760 5
10049144 6
14502600 5
5831448 5
13159384 6
11788952 6
5143152 5
14538888 5
8218952 5
11613168 5
15030176 5
13423928 5
8830136 5
5422536 5
11226712 6
6735288 6
11664520 5
10049480 5
3788624 5
15395016 5
9125480 6
9133768 5
2837240 5
7816312 5
13688472 5
3624600 5
15918168 5
12412680 5
6760936 5
7740880 5
12457872 5
8740592 5
10070648 6
8006600 5
12974416 6
11224024 5
10910872 6
5302136 5
15423072 6
3554768 6
4143776 5
15787240 6
11062520 6
10958304 5
11615856 5
12530448 5
12436872 6
10349136 5
12305496 6
3534608 5
2767856 5
12461680 5
5183864 5
8264368 5
15776432 5
5937624 6
9937648 5
6744248 5
15156568 5
3831128 5
8007272 6
2877784 5
12367152 5
16137352 5
7763336 5
14131936 5
12445776 5
5732440 5
11433352 5
10004456 5
9763992 6
13609288 5
13562528 5
11265632 5
5161912 5
15067920 5
7858312 5
13459040 6
16337608 5
8026760 5
11057592 6
16114336 5
10974488 5
16127216 5
2840824 7
8901872 5
6808928 5
11527432 5
5896520 5
12929000 5
9793112 6
13989472 5
9936080 5
9368464 5
3845912 5
6638968 5
4652312 5
2805208 5
13973960 5
7427000 5
11414984 5
5229448 5
6088488 6
16197216 5
5652360 5
5732104 5
12403440 6
16037280 5
11128712 5
11741128 5
15848112 5
8973048 5
3256232 6
16073624 5
4651416 6
6134576 6
15153936 6
10841880 6
10314584 6
14498120 6
13521872 6
7837872 6
7009072 6
6175624 6
3398864 6
10988824 6
9232048 6
5664344 6
6166384 6
9106328 6
11171720 6
11222792 6
5761224 6
15775144 6
5291888 6
7685104 6
11595416 6
7533960 6
6646752 6
11507104 6
9248680 6
9903768 6
5118904 6
3503920 6
5290992 6
16373840 6
13990088 6
9794456 6
9401000 6
4050088 6
10333288 6
13531784 6
15551816 6
15637776 6
9382520 6
13343512 6
3255672 6
3067344 6
4603256 6
9926224 6
2740080 6
8732528 6
4615128 6
5032888 6
13441848 6
4025112 6
2747360 6
5904360 6
4110512 6
11335856 6
16307872 6
10327408 6
9108680 6
12463304 6
5164152 6
5493488 6
7842912 6
11357808 6
10271408 6
5198648 6
13512296 6
5885544 6
15525216 6
14012040 6
12219032 6
3554992 6
10840312 6
13936888 6
14526568 6
13938456 7
10995376 6
4053392 6
7666064 6
2800952 6
5816160 7
11224696 6
3040744 6
13805176 6
3616480 6
5568416 6
2865968 6
7578480 6
13357848 6
9803248 6
13973624 6
8046024 6
2784152 6
14595168 6
8902040 6
4113816 6
3097976 6
4667880 6
12363568 6
15149848 6
15608712 6
12186384 6
6970488 6
11486160 6
13092184 6
2842392 6
5237512 6
16333576 6
5630408 6
9780680 6
14128352 6
13545224 6
9794288 6
6181616 6
5199992 6
6772024 6
6014792 6
10008040 6
10197656 6
14590744 6
11411120 6
3767064 6
5485424 6
9271920 6
16193744 6
15309224 6
16324952 6
14054488 7
10392816 6
7936824 6
13085464 6
9937816 6
3779048 6
13605032 6
6875624 6
3663128 6
9169496 6
13228488 6
7809480 6
8316168 6
9105096 6
13703032 6
16303952 6
3489080 6
4078760 6
10400656 6
13025040 6
7908152 6
9762704 6
12459216 6
11115832 6
11607512 6
7052192 6
6135080 6
6002528 6
15252776 6
15809864 6
14133000 6
14501480 6
7384552 6
2739688 6
5119464 6
16331560 6
8016568 6
13251560 6
8269128 6
13355720 6
12306056 6
8969688 6
5661656 6
10048472 6
5235496 6
7436912 6
7661024 6
8777552 6
12444432 6
3373720 6
8309840 6
14570696 6
5298104 6
6248032 6
2877672 6
3780392 6
13553232 6
15622992 6
13212024 6
14588112 6
5233032 6
8826776 6
13225800 6
3825304 6
13433616 6
13006672 6
8099168 6
3565240 6
6076840 6
11486328 6
9430344 6
15935080 6
13354600 6
10992912 6
11597712 6
10025680 6
3831016 6
8300936 6
15119664 6
3339672 6
9425584 6
5731096 6
15526672 6
8878744 6
16043216 6
8740760 6
10858288 6
14001120 6
3321584 6
12201672 6
12965176 6
10839864 6
9266040 6
7072072 6
4668216 6
9908920 6
16434376 7
9380840 6
4609976 6
5478312 6
9393608 6
11116448 6
5631584 6
5140296 6
3780448 6
12107424 6
8214920 6
6772920 6
16425752 6
9809016 6
10267880 6
3619280 6
13425104 6
15116528 6
9772280 6
12998104 6
5873448 6
7699720 6
16361800 6
15356824 6
10347624 6
9757944 6
13694296 6
4146520 6
11662224 6
8307600 6
5936952 6
4074224 6
7745136 6
11740792 6
12297992 6
6211464 6
15509928 6
2865576 6
12530784 6
11580856 6
12203464 6
7664944 6
4052272 6
10138576 6
12926760 6
14040712 6
11367216 6
8746864 6
15848336 6
13234984 6
8779176 6
7697312 6
6976368 6
9239720 6
11255048 6
13006504 6
13956768 6
11644360 6
6999496 6
6769336 6
8907472 6
9038792 6
12966352 6
3790304 6
3396848 6
13301848 6
10041976 6
7907704 6
2746744 6
7032424 6
13741672 6
8859368 6
15648136 6
3779384 7
4143440 6
5348280 6
9346232 6
6146672 6
9116408 6
3526320 6
11789904 6
9139816 6
6184024 6
14140056 6
15386224 6
3065272 6
13289080 6
5753944 6
12527368 6
10329256 6
12305104 6
14030800 6
16074352 6
3491768 6
10043208 6
16098096 6
3619000 6
8177064 6
11499600 6
3046064 6
13761160 6
4057760 6
10988768 6
13553288 6
12962768 6
7543760 6
15820616 6
11578616 6
10889144 6
5707744 6
12933088 6
7916496 6
15936200 6
5905144 6
16131976 6
15148840 6
15361640 6
10201688 6
16049936 6
6867952 6
2775024 6
16106384 6
5460952 6
3493784 6
8186192 6
5815096 6
15309728 6
13997536 6
9084824 6
4615912 6
4586792 6
13421240 6
3357368 6
2779000 6
11428984 6
15422176 6
14504728 6
5141416 6
14555800 6
13253240 6
9272200 6
2750832 6
6244952 6
15423240 6
6212808 6
4709656 6
7655312 6
9772784 6
10974992 6
13244280 6
12121312 6
11662448 6
15420104 6
15059856 6
12205648 6
12954592 6
7019488 6
5185320 6
10426024 6
6248200 6
9395848 6
4020128 6
8772792 6
16033696 6
10891160 6
11226824 6
13807304 6
6772192 6
16200800 6
2833376 6
13542200 6
2976120 6
6696312 6
13093584 6
15932112 6
7560840 6
5716088 6
15156456 6
12364016 6
7842184 6
13871816 6
3538192 6
8183056 6
7576464 6
14129360 6
8100008 6
14465192 6
13874280 6
6780256 6
2972984 6
14521696 6
5628728 6
10304616 6
7558096 6
8284752 6
3567312 6
3235736 6
4575144 6
7413672 6
10282664 6
12132064 6
11476752 6
13538616 6
6232800 6
3648792 6
3233720 6
12186272 6
13254472 6
8181152 6
3536288 6
16299304 6
5237344 6
16033584 6
4603816 6
10435208 6
8213296 6
4122832 6
13424824 6
10311560 6
8869560 6
5951176 6
5197416 6
11256728 6
15623272 6
8177008 6
4050256 6
2804984 6
16398928 6
8824760 6
3036656 6
6232856 6
5044648 6
8300656 6
10314472 6
4683560 6
15783824 6
3138856 6
5040504 6
7511952 6
9164680 6
11510576 6
10872288 6
2977632 6
15362648 6
7009184 6
9368968 6
3790136 6
15621200 6
15260952 6
3104416 6
6151432 6
13944784 6
15518608 6
9938544 6
15357552 6
13029072 6
4705512 6
9165912 6
15252272 6
4684008 6
7029624 6
6638520 6
10905048 6
16096416 6
7067760 6
4090520 6
10311280 6
5176416 6
15342936 6
11368560 6
13620320 6
15685712 6
14137424 6
15083376 6
11412464 6
3130792 6
10840536 6
6013784 6
10996888 6
16339680 6
4646880 6
12130272 6
4701536 6
3914512 6
8199520 6
11408880 6
5937400 6
2748200 6
9219056 6
7914872 6
13674472 6
15022448 6
16431240 6
7947240 6
3825360 6
11325104 6
16336712 6
5929672 6
15124144 6
10910928 6
11140360 6
15419992 6
4586848 6
4648672 6
6650224 6
5362672 6
10015992 6
14468944 6
3372880 6
5922392 6
5037872 6
3102176 6
15623496 6
7394800 6
15419208 6
8771000 6
13359192 6
8059016 6
13236832 7
5552624 6
2972144 6
5961816 6
4107488 6
5037536 6
9034872 6
15558760 6
11638200 6
2873136 6
9426032 6
9905112 6
5235552 6
11518640 6
8841168 6
11253872 6
15558984 6
6011208 6
12294296 6
3812312 6
8973272 6
4672472 6
11245360 6
10962168 6
5820248 6
13289416 6
4586288 6
11236064 6
6986168 6
13751752 6
7816648 6
13301960 6
6651176 6
10056424 6
5949384 6
3753848 6
13674360 6
10866576 6
12522720 6
10975440 6
10006248 6
8329552 6
3271632 6
15086960 6
16333408 6
12162360 6
12154464 6
14590688 6
10089576 6
5609912 6
10213000 6
7558264 6
11512200 6
15852200 6
11761288 6
3516912 6
2878176 6
15817816 6
15788696 6
15263976 6
2784488 6
8977136 6
6875960 6
12457200 6
3372264 6
15322216 6
13695696 6
16115792 6
7828128 6
9944144 6
16148104 6
5494384 6
14054600 6
15326472 6
13224904 6
3401384 6
12478088 6
16332904 6
13975136 6
7765128 6
10345608 6
9826992 6
7696136 6
9131976 6
4150944 6
8037344 6
16049432 6
16192736 6
6185704 6
13259736 6
3635352 6
12535432 6
3124016 6
7413112 6
7960904 6
9148272 6
5938912 6
11265800 6
12955488 6
3026296 6
4114320 6
8315664 6
3831632 6
9039688 6
3337880 6
11593400 6
12444936 6
5436144 6
10024280 6
11660936 6
3059616 6
12220040 6
15406888 6
9954952 6
13866832 6
12174008 6
10441816 6
11578840 6
10267544 6
14465808 6
16433872 6
6243944 6
8198960 6
12523280 6
12106192 6
15051176 6
7848848 6
12380368 6
13759816 6
11139464 6
14558040 6
11156936 6
5306224 6
4042080 6
15947400 6
7742392 6
15940176 6
2779112 6
3090920 6
5479152 6
13686232 6
3388784 6
15116080 6
16434264 6
13979336 6
7675808 6
14537376 6
10196200 6
6232296 6
14022792 6
5718776 6
8169840 6
3569328 6
10278576 6
6880608 6
14587160 6
13268808 6
10430280 6
11135096 6
10304112 6
8016848 6
8307824 6
2805488 6
12438608 6
10401160 6
13287176 6
7936488 7
16397640 7
8263080 7
16370312 7
10155656 7
5872608 7
6017760 7
12111512 7
3851960 7
7043176 7
15386504 7
3552696 7
16406152 7
13164256 7
8332072 7
10441424 7
10131408 7
10091088 7
10018512 7
7909160 7
